MEMORY
  total            14.4 MB
  struct          159.0 KB
  buffer          260.0 KB
  arena            14.0 MB, used 0.2%

SIZES
  narena                14680064
  nbuffer               266208
  nplugin               0
  maxuse_stack          2328
  maxuse_arena          29248
  maxuse_con            1
  maxuse_efc            4
  solver_nisland        1
  ncon                  1
  ne                    0
  nf                    0
  nl                    0
  nefc                  4
  nJ                    48
  nisland               0
  threadpool            0

TIMER
    0:  duration =  0.019      number = 1
    1:  duration =  0.027      number = 1
    2:  duration =  0          number = 0
    3:  duration =  0.032      number = 2
    4:  duration =  0.0029     number = 2
    5:  duration =  0          number = 0
    6:  duration =  0.0058     number = 2
    7:  duration =  0.0017     number = 1
    8:  duration =  0.0059     number = 2
    9:  duration =  0.0013     number = 2
    10:  duration =  0.02       number = 2
    11:  duration =  0.0046     number = 2
    12:  duration =  0.00013    number = 2
    13:  duration =  0.0047     number = 2
    14:  duration =  0.0044     number = 2

SOLVER STAT
  solver_nisland = 1
  solver_fwdinv =   0         0       
ENERGY =   0         0       

TIME =  52      

QPOS
  -0.27    
  -1.5     
   1.9     
  -1.9     
  -1.6     
  -0.27    
   0.5     
   0       
  -0.025   
   1       
   0       
   0       
   0       

QVEL
  -1.2e-14 
   4.8e-14 
   4.5e-14 
  -4.7e-14 
  -4.7e-14 
  -1.2e-14 
   0       
   0       
  -6e-16   
   0       
   0       
   0       

QACC_WARMSTART
   1.5e-16 
   4e-17   
  -3.4e-17 
  -5.8e-18 
   1.2e-17 
   1.2e-16 
   2.4e-187
  -2.4e-187
  -5.5e-16 
  -4.1e-186
  -4.1e-186
   0       

QFRC_APPLIED
   1.1e-27 
  -17      
  -15      
  -1.5     
   4.7e-15 
   3.2e-29 
   0       
   0       
   0       
   0       
   0       
   0       

XFRC_APPLIED
   0         0         0         0         0         0       
   0         0         0         0         0         0       
   0         0         0         0         0         0       
   0         0         0         0         0         0       
   0         0         0         0         0         0       
   0         0         0         0         0         0       
   0         0         0         0         0         0       
   0         0         0         0         0         0       
   0         0         0         0         0         0       
   0         0         0         0         0         0       
   0         0         0         0         0         0       
   0         0         0         0         0         0       
   0         0         0         0         0         0       
   0         0         0         0         0         0       

MOCAP_POS
   0.5       0         0.3     

MOCAP_QUAT
   1         0         0         0       

QACC
   1.5e-16 
   4e-17   
  -3.4e-17 
  -5.8e-18 
   1.2e-17 
   1.2e-16 
   2.4e-187
  -2.4e-187
  -5.5e-16 
  -4.1e-186
  -4.1e-186
   0       

XPOS
   0         0         0       
   0.5       0         0.3     
   0         0         0       
   0         0         0       
   0         0         0.16    
   0.037     0.13      0.16    
   0.016     0.0028    0.59    
   0.37     -0.096     0.45    
   0.4       0.027     0.45    
   0.5       1.9e-15   0.45    
   0.5       2.8e-15   0.35    
   0.5       2.8e-15   0.35    
   0.5       4e-15     0.2     
   0.5       0        -0.025   

XQUAT
   1         0         0         0       
   1         0         0         0       
   0.71      0         0        -0.71    
   1         0         0         0       
   0.99      0         0        -0.14    
   0.99      0.0023    0.017    -0.14    
   0.56      0.11      0.81     -0.077   
   0.7       0.096     0.7      -0.096   
   0.43     -0.43      0.56     -0.56    
   0.5      -0.5       0.5      -0.5     
  -7.9e-15   0.71     -0.71      2.2e-15 
  -7.9e-15   0.71     -0.71      2.2e-15 
  -7.9e-15   0.71     -0.71      2.2e-15 
   1         0         0         0       

XMAT
   1         0         0         0         1         0         0         0         1       
   1         0         0         0         1         0         0         0         1       
   0         1         0        -1         0        -0        -0         0         1       
   1         0         0         0         1         0         0         0         1       
   0.96      0.27      0        -0.27      0.96     -0        -0         0         1       
   0.96      0.27      0.033    -0.27      0.96     -0.0093   -0.035    -2.5e-17   1       
  -0.34      0.27      0.9       0.094     0.96     -0.25     -0.94     -2.8e-17  -0.35    
   1.1e-14   0.27      0.96     -3.1e-15   0.96     -0.27     -1        -5.6e-17   1.1e-14 
  -0.27      1.4e-14   0.96     -0.96      8.2e-15  -0.27     -1.2e-14  -1         1.1e-14 
   5.6e-17   1.4e-14   1        -1         8.2e-15   5.6e-17  -8.1e-15  -1         1.4e-14 
  -4.7e-30  -1         1.4e-14  -1        -4.7e-30   8.2e-15  -8.2e-15  -1.4e-14  -1       
  -4.7e-30  -1         1.4e-14  -1        -4.7e-30   8.2e-15  -8.2e-15  -1.4e-14  -1       
  -4.7e-30  -1         1.4e-14  -1        -4.7e-30   8.2e-15  -8.2e-15  -1.4e-14  -1       
   1         0         0         0         1         0         0         0         1       

XIPOS
   0         0         0       
   0.5       0         0.3     
   0         0         0       
   0         0         0       
   0         0         0.16    
   0.044     0.13      0.38    
   0.19     -0.046     0.52    
   0.4       0.027     0.45    
   0.5       1.9e-15   0.45    
   0.5       2.6e-15   0.37    
   0.4       2.8e-15   0.35    
   0.5       2.8e-15   0.35    
   0.5       4e-15     0.2     
   0.5       0         0.024   

XIMAT
   1         0         0         0         1         0         0         0         1       
   1         0         0         0         1         0         0         0         1       
  -1         0         0         0        -1        -0        -0         0         1       
   1         0         0         0         1         0         0         0         1       
   0.96      0.27      0        -0.27      0.96     -0        -0         0         1       
   0.96      0.27      0.033    -0.27      0.96     -0.0093   -0.035    -2.5e-17   1       
  -0.34      0.27      0.9       0.094     0.96     -0.25     -0.94     -2.8e-17  -0.35    
   1.1e-14   0.27      0.96     -3.1e-15   0.96     -0.27     -1        -5.6e-17   1.1e-14 
  -0.27      1.4e-14   0.96     -0.96      8.2e-15  -0.27     -1.2e-14  -1         1.1e-14 
   1.4e-14  -5.8e-29   1         8.2e-15   1        -5.8e-29  -1         8.2e-15   1.4e-14 
   5.6e-17  -1.4e-14  -1        -1        -8.2e-15  -5.6e-17  -8.2e-15   1        -1.4e-14 
  -4.7e-30  -1         1.4e-14  -1        -4.7e-30   8.2e-15  -8.2e-15  -1.4e-14  -1       
  -4.7e-30  -1         1.4e-14  -1        -4.7e-30   8.2e-15  -8.2e-15  -1.4e-14  -1       
   1         0         0         0         1         0         0         0         1       

XANCHOR
   0         0         0.16    
   0.037     0.13      0.16    
   0.016     0.0028    0.59    
   0.37     -0.096     0.45    
   0.4       0.027     0.45    
   0.5       1.9e-15   0.45    
   0.5       0        -0.025   

XAXIS
   0         0         1       
   0.27      0.96      0       
   0.27      0.96     -2.5e-17 
   0.27      0.96     -3.5e-17 
   0.96     -0.27      1.2e-14 
   1.4e-14   8.9e-15  -1       
   0         0         1       

GEOM_XPOS
   0         0         0       
   0.5       0         0.3     
   6.7e-07  -3.7e-07   0.094   
   1.5e-07   5e-07     0.031   
  -0.0021   -0.0082    0.21    
   0.018     0.066     0.16    
   0.0001    0.00056   0.14    
   0         0         0.12    
   0.044     0.13      0.38    
   0.04      0.11      0.46    
   0.039     0.11      0.38    
   0.056     0.17      0.38    
   0.026     0.094     0.16    
   0.044     0.13      0.36    
   0.36     -0.13      0.45    
   0.2      -0.049     0.52    
   0.25     -0.045     0.5     
   0.17     -0.027     0.53    
   0.037     0.08      0.59    
   0.2      -0.047     0.52    
   0.45      0.013     0.45    
   0.37      0.041     0.45    
   0.41      0.0099    0.45    
   0.38     -0.047     0.45    
   0.5       0.00015   0.4     
   0.5      -0.00099   0.49    
   0.5       0.0009    0.43    
   0.44      0.016     0.45    
   0.5       2.1e-15   0.43    
   0.5      -1.4e-05   0.37    
   0.5       2.6e-15   0.37    
   0.5       4e-15     0.2     
   0.5       0         0.024   

GEOM_XMAT
   1         0         0         0         1         0         0         0         1       
   1         0         0         0         1         0         0         0         1       
  -1.1e-05  -0.96      0.28     -2e-06    -0.28     -0.96      1        -1.1e-05   1.1e-06 
   9.9e-06   0.61      0.79     -1.9e-05  -0.79      0.61      1        -2.1e-05   3.7e-06 
  -0.086    -0.91     -0.41     -0.31      0.41     -0.85      0.95      0.055    -0.32    
   0.27     -0.95      0.16      0.96      0.26     -0.045     1.6e-05   0.17      0.99    
   0.2       0.23      0.95      0.71      0.64     -0.3      -0.68      0.74     -0.04    
   0.96      0.27      0        -0.27      0.96     -0        -0         0         1       
   0.81      0.59      0.034    -0.59      0.81     -0.009    -0.032    -0.012     1       
   0.96      0.27     -0.014    -0.27      0.95     -0.18     -0.035     0.18      0.98    
   0.27     -0.96      0.031     0.96      0.27     -0.018     0.0095    0.035     1       
   0.27     -0.96      0.033     0.96      0.27     -0.0096    0.00035   0.035     1       
   0.96      0.033    -0.27     -0.27     -0.0093   -0.96     -0.035     1        -4.9e-17 
   0.96      0.27      0.033    -0.27      0.96     -0.0093   -0.035    -2.5e-17   1       
  -0.021     0.47      0.88      0.99     -0.085     0.069     0.11      0.88     -0.47    
   0.18      0.39      0.9       0.96      0.14     -0.25     -0.22      0.91     -0.35    
  -0.34      0.14      0.93      0.099     0.99     -0.11     -0.94      0.056    -0.35    
   0.25      0.34      0.91      0.97     -0.095    -0.23      0.0079    0.94     -0.35    
  -0.34      0.9      -0.27      0.094    -0.25     -0.96     -0.94     -0.35     -1.1e-16 
  -0.34      0.27      0.9       0.094     0.96     -0.25     -0.94     -2.8e-17  -0.35    
   0.96     -0.25      0.1      -0.27     -0.89      0.38     -0.00015  -0.39     -0.92    
   0.84     -0.042    -0.55     -0.55     -0.065    -0.83     -0.00042   1        -0.077   
   0.69     -0.00067  -0.73     -0.73      0.00045  -0.69      0.00079   1        -0.00018 
   1.1e-14   0.96     -0.27     -3.1e-15  -0.27     -0.96     -1         1.1e-14   1.1e-16 
  -7.3e-06   0.43      0.9      -1.9e-05   0.9      -0.43     -1        -2e-05     1.6e-06 
  -0.29      0.37      0.88      0.082     0.93     -0.36     -0.95     -0.033    -0.3     
   0.69      0.27     -0.67     -0.19      0.96      0.19      0.69      0.00026   0.72    
  -0.27      1.4e-14   0.96     -0.96      8.2e-15  -0.27     -1.2e-14  -1         1.1e-14 
  -0.27      0.96     -1.4e-14  -0.96     -0.27     -8.2e-15  -1.2e-14   1.1e-14   1       
  -0.0049    0.22      0.97     -0.00048   0.97     -0.22     -1        -0.0016   -0.0046  
   0         1        -1.4e-14  -1         0        -8.2e-15  -8.2e-15   1.4e-14   1       
  -4.7e-30  -1         1.4e-14  -1        -4.7e-30   8.2e-15  -8.2e-15  -1.4e-14  -1       
   1         0         0         0         1         0         0         0         1       

SITE_XPOS
   0.5       2.8e-15   0.35    
   0.5       3.2e-15   0.3     

SITE_XMAT
  -4.7e-30  -1         1.4e-14  -1        -4.7e-30   8.2e-15  -8.2e-15  -1.4e-14  -1       
   1        -5.8e-29  -1.4e-14  -5.8e-29   1        -8.2e-15   1.4e-14   8.2e-15   1       

LIGHT_XPOS
  -2        -1         3       
   2        -1         3       
  -1         0         2       

LIGHT_XDIR
   0.67      0.33     -0.67    
  -0.67      0.33     -0.67    
   0.69      9.9e-16  -0.72    

SUBTREE_COM
   0.12      0.046     0.28    
   0.5       0         0.3     
   0.097     0.049     0.29    
   0.097     0.049     0.29    
   0.12      0.06      0.36    
   0.15      0.077     0.41    
   0.34     -0.015     0.47    
   0.46      0.012     0.44    
   0.5       2.2e-15   0.42    
   0.5       3e-15     0.32    
   0.5       4e-15     0.2     
   0.5       4e-15     0.2     
   0.5       4e-15     0.2     
   0.5       0         0.024   

CDOF
   0         0         1        -0.049     0.097     0       
   0.27      0.96      0         0.12     -0.034    -0.081   
   0.27      0.96     -2.5e-17  -0.29      0.08     -0.066   
   0.27      0.96     -3.5e-17  -0.15      0.043     0.3     
   0.96     -0.27      1.2e-14   0.043     0.15     -0.061   
   1.4e-14   8.9e-15  -1         0.049     0.4       4.3e-15 
   0         0         0         1         0         0       
   0         0         0         0         1         0       
   0         0         0         0         0         1       
   1         0         0         0        -0.049     0       
   0         1         0         0.049     0         0       
   0         0         1         0         0         0       

CINERT
   0         0         0         0         0         0         0         0         0         0       
   4e-06     4e-06     4e-06     0         0         0         0         0         0         0.027   
   0         0         0        -0         0        -0        -0        -0        -0         0       
   0.35      0.38      0.055    -0.019    -0.11     -0.057    -0.39     -0.19     -1.2       4       
   0.079     0.11      0.05     -0.018    -0.046    -0.023    -0.36     -0.18     -0.47      3.7     
   0.25      0.22      0.096     0.037     0.034    -0.058    -0.45      0.69      0.71      8.4     
   0.15      0.17      0.069     0.027    -0.041     0.047     0.22     -0.22      0.52      2.3     
   0.034     0.15      0.12      0.0083   -0.06      0.0043    0.37     -0.027     0.19      1.2     
   0.036     0.23      0.2       0.024    -0.078     0.0095    0.49     -0.059     0.19      1.2     
   0.0018    0.032     0.031     0.0037   -0.0063    0.00076   0.076    -0.0092    0.016     0.19    
   0         0         0         0         0         0         0        -0         0         0       
   0         0         0         0         0         0         0        -0         0         0       
   0.0017    0.017     0.016     0.0018    0.0034   -0.00041   0.038    -0.0046   -0.0085    0.094   
   0.00028   0.00028   0.00028   0         0         0         0         0         0         1.2     

CRB
   0         0         0         0         0         0         0         0         0         0       
   4e-06     4e-06     4e-06     0         0         0         0         0         0         0.027   
   0.9       1.3       0.64      0.065    -0.31     -0.076     5.6e-16   2.5e-16  -4.4e-16   21      
   0.9       1.3       0.64      0.065    -0.31     -0.076     5.6e-16   2.5e-16  -4.4e-16   21      
   0.55      0.92      0.58      0.084    -0.19     -0.019     0.39      0.19      1.2       17      
   0.47      0.82      0.53      0.1      -0.15      0.0034    0.75      0.37      1.6       13      
   0.22      0.6       0.44      0.065    -0.18      0.061     1.2      -0.32      0.92      5       
   0.074     0.43      0.37      0.038    -0.14      0.014     0.98     -0.1       0.4       2.7     
   0.04      0.28      0.25      0.03     -0.081     0.0098    0.6      -0.073     0.2       1.5     
   0.0035    0.049     0.047     0.0056   -0.0029    0.00035   0.11     -0.014     0.0071    0.28    
   0.0017    0.017     0.016     0.0018    0.0034   -0.00041   0.038    -0.0046   -0.0085    0.094   
   0.0017    0.017     0.016     0.0018    0.0034   -0.00041   0.038    -0.0046   -0.0085    0.094   
   0.0017    0.017     0.016     0.0018    0.0034   -0.00041   0.038    -0.0046   -0.0085    0.094   
   0.00028   0.00028   0.00028   0         0         0         0         0         0         1.2     

QM
   0.98     -0.35      0.056     0.0051    0.018    -0.00014   0         0         0         0         0         0       
  -0.35      1.8       0.47      0.074    -2.3e-16  -1.1e-18   0         0         0         0         0         0       
   0.056     0.47      0.79      0.088    -2.2e-16   1.1e-17   0         0         0         0         0         0       
   0.0051    0.074     0.088     0.13     -5.4e-17   7.1e-18   0         0         0         0         0         0       
   0.018    -2.3e-16  -2.2e-16  -5.4e-17   0.11     -2.1e-18   0         0         0         0         0         0       
  -0.00014  -1.1e-18   1.1e-17   7.1e-18  -2.1e-18   0.1       0         0         0         0         0         0       
   0         0         0         0         0         0         1.2       0         0         0         0.059     0       
   0         0         0         0         0         0         0         1.2       0        -0.059     0         0       
   0         0         0         0         0         0         0         0         1.2       0         0         0       
   0         0         0         0         0         0         0        -0.059     0         0.0032    0         0       
   0         0         0         0         0         0         0.059     0         0         0         0.0032    0       
   0         0         0         0         0         0         0         0         0         0         0         0.00028 

QLD
   0.87     -0.26      0.073     0.04      0.17     -0.0014    0         0         0         0         0         0       
  -0.26      1.5       0.57      0.58     -2.1e-15  -1.1e-17   0         0         0         0         0         0       
   0.073     0.57      0.72      0.69     -2e-15     1.1e-16   0         0         0         0         0         0       
   0.04      0.58      0.69      0.13     -4.9e-16   7.1e-17   0         0         0         0         0         0       
   0.17     -2.1e-15  -2e-15    -4.9e-16   0.11     -2.1e-17   0         0         0         0         0         0       
  -0.0014   -1.1e-17   1.1e-16   7.1e-17  -2.1e-17   0.1       0         0         0         0         0         0       
   0         0         0         0         0         0         0.11      0         0         0         19        0       
   0         0         0         0         0         0         0         0.11      0        -19        0         0       
   0         0         0         0         0         0         0         0         1.2       0         0         0       
   0         0         0         0         0         0         0        -19        0         0.0032    0         0       
   0         0         0         0         0         0         19        0         0         0         0.0032    0       
   0         0         0         0         0         0         0         0         0         0         0         0.00028 

QLDIAGINV
   1.1     
   0.67    
   1.4     
   7.8     
   9.1     
   10      
   9.5     
   9.5     
   0.83    
   3.2e+02 
   3.2e+02 
   3.6e+03 

QLDIAGSQRTINV
   1.1     
   0.82    
   1.2     
   2.8     
   3       
   3.2     
   3.1     
   3.1     
   0.91    
   18      
   18      
   60      

B: body-dof matrix
--------------
 xxxxxxxxxxxx |
              |
 xxxxxx       |
 xxxxxx       |
 xxxxxx       |
 xxxxxx       |
 xxxxxx       |
 xxxxxx       |
 xxxxxx       |
 xxxxxx       |
 xxxxxx       |
 xxxxxx       |
 xxxxxx       |
       xxxxxx |
--------------

B_rownnz              12 0 6 6 6 6 6 6 6 6 6 6 6 6

B_rowadr              0 12 12 18 24 30 36 42 48 54 60 66 72 78

B_colind              0 1 2 3 4 5 6 7 8 9 10 11 0 1 2 3 4 5 0 1 2 3 4 5 0 1 2 3 4 5 0 1 2 3 4 5 0 1 2 3 4 5 0 1 2 3 4 5 0 1 2 3 4 5 0 1 2 3 4 5 0 1 2 3 4 5 0 1 2 3 4 5 0 1 2 3 4 5 6 7 8 9 10 11

C: reduced dof-dof matrix
--------------
 xxxxxx       |
 xxxxxx       |
 xxxxxx       |
 xxxxxx       |
 xxxxxx       |
 xxxxxx       |
       xxxxxx |
       xxxxxx |
       xxxxxx |
       xxxxxx |
       xxxxxx |
       xxxxxx |
--------------

C_rownnz              6 6 6 6 6 6 6 6 6 6 6 6

C_rowadr              0 6 12 18 24 30 36 42 48 54 60 66

C_colind              0 1 2 3 4 5 0 1 2 3 4 5 0 1 2 3 4 5 0 1 2 3 4 5 0 1 2 3 4 5 0 1 2 3 4 5 6 7 8 9 10 11 6 7 8 9 10 11 6 7 8 9 10 11 6 7 8 9 10 11 6 7 8 9 10 11 6 7 8 9 10 11

mapM2C                0 2 5 9 14 20 2 1 4 8 13 19 5 4 3 7 12 18 9 8 7 6 11 17 14 13 12 11 10 16 20 19 18 17 16 15 21 23 26 30 35 41 23 22 25 29 34 40 26 25 24 28 33 39 30 29 28 27 32 38 35 34 33 32 31 37 41 40 39 38 37 36

D: dof-dof matrix
--------------
 xxxxxx       |
 xxxxxx       |
 xxxxxx       |
 xxxxxx       |
 xxxxxx       |
 xxxxxx       |
       xxxxxx |
       xxxxxx |
       xxxxxx |
       xxxxxx |
       xxxxxx |
       xxxxxx |
--------------

D_rownnz              6 6 6 6 6 6 6 6 6 6 6 6

D_rowadr              0 6 12 18 24 30 36 42 48 54 60 66

D_colind              0 1 2 3 4 5 0 1 2 3 4 5 0 1 2 3 4 5 0 1 2 3 4 5 0 1 2 3 4 5 0 1 2 3 4 5 6 7 8 9 10 11 6 7 8 9 10 11 6 7 8 9 10 11 6 7 8 9 10 11 6 7 8 9 10 11 6 7 8 9 10 11

mapM2D                0 2 5 9 14 20 2 1 4 8 13 19 5 4 3 7 12 18 9 8 7 6 11 17 14 13 12 11 10 16 20 19 18 17 16 15 21 23 26 30 35 41 23 22 25 29 34 40 26 25 24 28 33 39 30 29 28 27 32 38 35 34 33 32 31 37 41 40 39 38 37 36

mapD2M                0 7 6 14 13 12 21 20 19 18 28 27 26 25 24 35 34 33 32 31 30 36 43 42 50 49 48 57 56 55 54 64 63 62 61 60 71 70 69 68 67 66

QDERIV
   0         0         0         0         0         0         0         0         0         0         0         0       
   0         0         0         0         0         0         0         0         0         0         0         0       
   0         0         0         0         0         0         0         0         0         0         0         0       
   0         0         0         0         0         0         0         0         0         0         0         0       
   0         0         0         0         0         0         0         0         0         0         0         0       
   0         0         0         0         0         0         0         0         0         0         0         0       
   0         0         0         0         0         0         0         0         0         0         0         0       
   0         0         0         0         0         0         0         0         0         0         0         0       
   0         0         0         0         0         0         0         0         0         0         0         0       
   0         0         0         0         0         0         0         0         0         0         0         0       
   0         0         0         0         0         0         0         0         0         0         0         0       
   0         0         0         0         0         0         0         0         0         0         0         0       

QLU
   0         0         0         0         0         0         0         0         0         0         0         0       
   0         0         0         0         0         0         0         0         0         0         0         0       
   0         0         0         0         0         0         0         0         0         0         0         0       
   0         0         0         0         0         0         0         0         0         0         0         0       
   0         0         0         0         0         0         0         0         0         0         0         0       
   0         0         0         0         0         0         0         0         0         0         0         0       
   0         0         0         0         0         0         0         0         0         0         0         0       
   0         0         0         0         0         0         0         0         0         0         0         0       
   0         0         0         0         0         0         0         0         0         0         0         0       
   0         0         0         0         0         0         0         0         0         0         0         0       
   0         0         0         0         0         0         0         0         0         0         0         0       
   0         0         0         0         0         0         0         0         0         0         0         0       

CONTACT
  0:
     dim           3
     geoms         //unnamed_geom_0 : golf_ball
     exclude       0
     efc_address   0
     solref         0.02      1       
     solimp         0.9       0.95      0.001     0.5       2       
     dist          -0.00037 
     includemargin  0       
     pos            0.5       0        -0.00018 
     frame          0         0         1         0         1         0        -1         0         0       
     friction       1         1         0.005     0.0001    0.0001  
     mu             1       

EFC_TYPE
  6
  6
  6
  6

EFC_ID
  0
  0
  0
  0

EFC_J
   0         0         0         0         0         0         0         1         1        -0.025     0         0       
   0         0         0         0         0         0         0        -1         1         0.025     0         0       
   0         0         0         0         0         0        -1         0         1         0        -0.025     0       
   0         0         0         0         0         0         1         0         1         0         0.025     0       

EFC_POS
  -0.00037 
  -0.00037 
  -0.00037 
  -0.00037 

EFC_MARGIN
   0       
   0       
   0       
   0       

EFC_FRICTIONLOSS
   0       
   0       
   0       
   0       

EFC_DIAGAPPROX
   3.3     
   3.3     
   3.3     
   3.3     

EFC_KBIP
   2.8e+03   1.1e+02   0.91     -73      
   2.8e+03   1.1e+02   0.91     -73      
   2.8e+03   1.1e+02   0.91     -73      
   2.8e+03   1.1e+02   0.91     -73      

EFC_D
   3.2     
   3.2     
   3.2     
   3.2     

EFC_R
   0.32    
   0.32    
   0.32    
   0.32    

CVEL
   0         0         0         0         0         0       
   0         0         0         0         0         0       
   0         0         0         0         0         0       
   0         0         0         0         0         0       
   0         0        -1.2e-14   5.6e-16  -1.1e-15   0       
   1.3e-14   4.6e-14  -1.2e-14   6.4e-15  -2.8e-15  -3.8e-15 
   2.5e-14   8.9e-14  -1.2e-14  -6.5e-15   8.3e-16  -6.8e-15 
   1.2e-14   4.4e-14  -1.2e-14   6.9e-16  -1.2e-15  -2.1e-14 
  -3.3e-14   5.7e-14  -1.2e-14  -1.3e-15  -8.3e-15  -1.8e-14 
  -3.3e-14   5.7e-14   1.3e-17  -1.9e-15  -1.3e-14  -1.8e-14 
  -3.3e-14   5.7e-14   1.3e-17  -1.9e-15  -1.3e-14  -1.8e-14 
  -3.3e-14   5.7e-14   1.3e-17  -1.9e-15  -1.3e-14  -1.8e-14 
  -3.3e-14   5.7e-14   1.3e-17  -1.9e-15  -1.3e-14  -1.8e-14 
   0         0         0         0         0        -6e-16   

CDOF_DOT
   0         0         0         0         0         0       
   1.1e-14  -3.1e-15   0        -3.9e-16  -1.4e-15   8.4e-16 
   1.1e-14  -3.1e-15   1.6e-30   1.6e-15   3.1e-15   2.1e-14 
   1.1e-14  -3.1e-15   0         3.4e-14  -7.5e-15   8.3e-15 
  -3.1e-15  -1.1e-14  -4.6e-14  -6.5e-15  -2e-14     9.3e-16 
  -5.7e-14  -3.3e-14  -1.1e-27   1.3e-14  -1.9e-15  -1.6e-14 
   0         0         0         0         0         0       
   0         0         0         0         0         0       
   0         0         0         0         0         0       
   0         0         0         0        -6e-16     0       
   0         0         0         6e-16     0         0       
   0         0         0         0         0         0       

QFRC_BIAS
   9.3e-28 
  -17      
  -15      
  -1.5     
   4.7e-15 
  -6.3e-30 
   0       
   0       
   12      
   0       
   0       
   0       

QFRC_SPRING
   0       
   0       
   0       
   0       
   0       
   0       
   0       
   0       
   0       
   0       
   0       
   0       

QFRC_DAMPER
   0       
   0       
   0       
   0       
   0       
   0       
   0       
   0       
   0       
   0       
   0       
   0       

QFRC_GRAVCOMP
   0       
   0       
   0       
   0       
   0       
   0       
   0       
   0       
   0       
   0       
   0       
   0       

QFRC_FLUID
   0       
   0       
   0       
   0       
   0       
   0       
   0       
   0       
   0       
   0       
   0       
   0       

QFRC_PASSIVE
   0       
   0       
   0       
   0       
   0       
   0       
   0       
   0       
   0       
   0       
   0       
   0       

EFC_VEL
  -6e-16   
  -6e-16   
  -6e-16   
  -6e-16   

EFC_AREF
   0.93    
   0.93    
   0.93    
   0.93    

SUBTREE_LINVEL
   0         0         0       
   0         0         0       
   0         0         0       
   0         0         0       
   0         0         0       
   0         0         0       
   0         0         0       
   0         0         0       
   0         0         0       
   0         0         0       
   0         0         0       
   0         0         0       
   0         0         0       
   0         0         0       

SUBTREE_ANGMOM
   0         0         0       
   0         0         0       
   0         0         0       
   0         0         0       
   0         0         0       
   0         0         0       
   0         0         0       
   0         0         0       
   0         0         0       
   0         0         0       
   0         0         0       
   0         0         0       
   0         0         0       
   0         0         0       

QFRC_ACTUATOR
   0       
   0       
   0       
   0       
   0       
   0       
   0       
   0       
   0       
   0       
   0       
   0       

QFRC_SMOOTH
   2e-28   
   0       
   0       
   0       
   1e-28   
   3.8e-29 
   0       
   0       
  -12      
   0       
   0       
   0       

QACC_SMOOTH
   2.1e-28 
   5.5e-29 
  -4.7e-29 
  -8e-30   
   8.8e-28 
   3.8e-28 
   0       
   0       
  -9.8     
   0       
   0       
   0       

EFC_B
  -11      
  -11      
  -11      
  -11      

EFC_FORCE
   2.9     
   2.9     
   2.9     
   2.9     

EFC_STATE
  1
  1
  1
  1

QFRC_CONSTRAINT
   0       
   0       
   0       
   0       
   0       
   0       
   0       
   0       
   12      
   0       
   0       
   0       

QFRC_INVERSE
   0       
   0       
   0       
   0       
   0       
   0       
   0       
   0       
   0       
   0       
   0       
   0       

CACC
   0         0         0         0         0         0       
   0         0         0         0         0         0       
   0         0         0         0         0         0       
   0         0         0         0         0         0       
   0         0         0         0         0         0       
   0         0         0         0         0         0       
   0         0         0         0         0         0       
   0         0         0         0         0         0       
   0         0         0         0         0         0       
   0         0         0         0         0         0       
   0         0         0         0         0         0       
   0         0         0         0         0         0       
   0         0         0         0         0         0       
   0         0         0         0         0         0       

CFRC_INT
   0         0         0         0         0         0       
   0         0         0         0         0         0       
   0         0         0         0         0         0       
   0         0         0         0         0         0       
   0         0         0         0         0         0       
   0         0         0         0         0         0       
   0         0         0         0         0         0       
   0         0         0         0         0         0       
   0         0         0         0         0         0       
   0         0         0         0         0         0       
   0         0         0         0         0         0       
   0         0         0         0         0         0       
   0         0         0         0         0         0       
   0         0         0         0         0         0       

CFRC_EXT
   0         0         0         0         0         0       
   0         0         0         0         0         0       
   0         0         0         0         0         0       
   0         0         0         0         0         0       
   0         0         0         0         0         0       
   0         0         0         0         0         0       
   0         0         0         0         0         0       
   0         0         0         0         0         0       
   0         0         0         0         0         0       
   0         0         0         0         0         0       
   0         0         0         0         0         0       
   0         0         0         0         0         0       
   0         0         0         0         0         0       
   0         0         0         0         0         0       

